0 0.005 0 0 0.01 0 0 0.015 0 0 0.02 0 0 0.025 0 0 0.03 0 0 0.035 0 0 0.04 0 0 0.045 0 0 0.05 0 0 0.055 0 0
1000 0.005 0 0 0.00997332 0 0.000900933 0.0145606 0 0.00305978 0.0187665 0 0.00589003 0.0227087 0 0.00907687 0.0264496 0 0.012503 0.029946 0 0.0162002 0.03315 0 0.0201166 0.0360776 0 0.0242413 0.0387874 0 0.028491 0.041391 0 0.0327914
2000 0.005 0 0 0.00989623 0 0.000782122 0.0143523 0 0.00294265 0.0180829 0 0.00618682 0.0209404 0 0.0102327 0.0228829 0 0.0148166 0.0238967 0 0.0196764 0.0240092 0 0.0246342 0.023407 0 0.0295602 0.0223733 0 0.0343795 0.0211559 0 0.0392129
3000 0.005 0 0 0.00991546 0 0.000463115 0.0147159 0 0.00166001 0.0194611 0 0.00303756 0.0242976 0 0.00403123 0.0292289 0 0.00401965 0.0339859 0 0.00267504 0.0382962 0 0.00022835 0.0421809 0 -0.00289325 0.0458907 0 -0.00625402 0.0496481 0 -0.00956372
4000 0.005 0 0 0.00996696 0 -0.000152492 0.014827 0 -0.00109378 0.0191979 0 -0.00337306 0.0224091 0 -0.00711689 0.0239305 0 -0.0118248 0.0236791 0 -0.0168235 0.0219112 0 -0.021528 0.0190124 0 -0.0255922 0.0154073 0 -0.0290364 0.0114882 0 -0.032145
5000 0.005 0 0 0.0101061 0 0.000259406 0.0151935 0 0.000743816 0.0202903 0 0.0010564 0.025393 0 0.00122863 0.0304948 0 0.00131678 0.0355926 0 0.00132692 0.0406841 0 0.00140063 0.0457247 0 0.00200265 0.0505844 0 0.00344338 0.0552353 0 0.00542124
6000 0.005 0 0 0.00990215 0 0.000555203 0.014574 0 0.00211439 0.0186888 0 0.00482877 0.0217584 0 0.00868581 0.0236022 0 0.0133075 0.024451 0 0.0182141 0.0245643 0 0.0232267 0.0241569 0 0.0282686 0.0234651 0 0.0332271 0.0226818 0 0.0381855
7000 0.005 0 0 0.0101333 0 0.000223058 0.0152592 0 0.000529733 0.0203958 0 0.000524663 0.0255184 0 0.000192989 0.0306276 0 -0.000265868 0.0357277 0 -0.000783052 0.0408211 0 -0.00134219 0.0459012 0 -0.00193912 0.0509264 0 -0.0028292 0.0558385 0 -0.0040618
8000 0.005 0 0 0.00997098 0 -0.000490863 0.0144758 0 -0.00259844 0.017375 0 -0.00661689 0.0175546 0 -0.011566 0.0150408 0 -0.0158364 0.0108748 0 -0.0185738 0.00603239 0 -0.019885 0.00101679 0 -0.0199329 -0.0038968 0 -0.0188856 -0.00865583 0 -0.0172869
9000 0.005 0 0 0.0100087 0 -0.000252845 0.0149367 0 -0.00114966 0.0195933 0 -0.00302081 0.02376 0 -0.00580425 0.0273692 0 -0.00927359 0.0304974 0 -0.0131813 0.0333905 0 -0.0173038 0.0363291 0 -0.0213498 0.0393778 0 -0.0253246 0.0424669 0 -0.0292634
9999 0.005 0 0 0.0098953 0 0.000777784 0.0142157 0 0.00322359 0.0173617 0 0.00704473 0.0190521 0 0.011702 0.019241 0 0.0166744 0.0180371 0 0.0214744 0.0157931 0 0.0259784 0.0129708 0 0.0300978 0.00994009 0 0.0341142 0.00687252 0 0.0381178
0 0.005 0 0 0.01 0 0 0.015 0 0 0.02 0 0 0.025 0 0 0.03 0 0 0.035 0 0 0.04 0 0 0.045 0 0 0.05 0 0 0.055 0 0
1000 0.005 0 0 0.0100474 0 0.000497867 0.0149209 0 0.00191767 0.0196389 0 0.00380668 0.0244407 0 0.00546871 0.0294202 0 0.00632504 0.0344649 0 0.00620748 0.0394576 0 0.00547942 0.0443965 0 0.00449679 0.0492983 0 0.00336992 0.0541584 0 0.00212402
2000 0.005 0 0 0.0100207 0 -5.99468e-05 0.0150398 0 0.000143236 0.0200124 0 0.000807605 0.0249113 0 0.00185907 0.0297552 0 0.00312592 0.0345276 0 0.00460642 0.0391863 0 0.00641095 0.0437087 0 0.00858188 0.0481029 0 0.0110053 0.05241 0 0.0135537
3000 0.005 0 0 0.0099106 0 0.000778806 0.0145967 0 0.00246724 0.0191465 0 0.00451397 0.0236653 0 0.00659485 0.0282721 0 0.008513 0.0330189 0 0.0100881 0.0378941 0 0.0111374 0.0428611 0 0.0116789 0.047854 0 0.011787 0.052849 0 0.0116821
4000 0.005 0 0 0.0100146 0 0.000721578 0.0148033 0 0.00237307 0.0195009 0 0.0042782 0.0243468 0 0.00577498 0.0293025 0 0.00682323 0.0342684 0 0.00770938 0.0392173 0 0.0086076 0.0441898 0 0.00931638 0.049195 0 0.0095944 0.0541983 0 0.00955806
5000 0.005 0 0 0.00982272 0 -0.00124434 0.0134811 0 -0.00460561 0.0152599 0 -0.00927111 0.0150937 0 -0.0142492 0.0133199 0 -0.018927 0.0104242 0 -0.0230238 0.00679432 0 -0.0264801 0.00268204 0 -0.0293311 -0.00169629 0 -0.0318341 -0.00618905 0 -0.0341029
6000 0.005 0 0 0.0102029 0 -0.000934692 0.0152194 0 -0.00258864 0.0202738 0 -0.0040876 0.0254286 0 -0.00515188 0.0306365 0 -0.00575179 0.0358478 0 -0.00603384 0.0410409 0 -0.00593258 0.0461757 0 -0.00535837 0.0511979 0 -0.00430673 0.0560761 0 -0.00288894
7000 0.005 0 0 0.00955924 0 0.00191772 0.0115015 0 0.00651212 0.0100666 0 0.0113251 0.00613475 0 0.0143975 0.00117012 0 0.0151217 -0.00375315 0 0.0140413 -0.00838039 0 0.0120225 -0.012852 0 0.00968291 -0.0173079 0 0.00737196 -0.0218013 0 0.00516706
8000 0.005 0 0 0.0101067 0 4.18293e-05 0.0152113 0 -0.000134713 0.0202959 0 -0.000514335 0.0253656 0 -0.000945965 0.0304277 0 -0.00128902 0.0354936 0 -0.00138747 0.0405076 0 -0.000772976 0.0453338 0 0.000656859 0.0498616 0 0.00291018 0.0541322 0 0.00557982
9000 0.005 0 0 0.00982872 0 -0.00115857 0.0126919 0 -0.00509785 0.0112497 0 -0.00979831 0.00661817 0 -0.01158 0.00192229 0 -0.00978705 -0.00139859 0 -0.00593966 -0.00360088 0 -0.00135078 -0.00525976 0 0.00345666 -0.0067296 0 0.00826598 -0.00815913 0 0.0130669
9999 0.005 0 0 0.0101606 0 0.000573906 0.0152558 0 0.00155761 0.0203954 0 0.00225085 0.0255701 0 0.00218926 0.0306893 0 0.00136144 0.0357632 0 0.000279392 0.0408764 0 -0.000470381 0.0460087 0 -0.000573565 0.0510511 0 0.000176196 0.0559602 0 0.00138484
0 0.005 0 0 0.01 0 0 0.015 0 0 0.02 0 0 0.025 0 0 0.03 0 0 0.035 0 0 0.04 0 0 0.045 0 0 0.05 0 0 0.055 0 0
1000 0.005 0 0 0.00991091 0 0.000295114 0.0146086 0 0.00173683 0.0187079 0 0.00448541 0.0220321 0 0.00814683 0.0246779 0 0.01242 0.0268643 0 0.0169243 0.0287573 0 0.0215473 0.0304672 0 0.0262155 0.0320599 0 0.030955 0.0335841 0 0.0357668
2000 0.005 0 0 0.00978899 0 0.00113329 0.0139107 0 0.00386491 0.0173925 0 0.00741708 0.0204867 0 0.0113083 0.0234357 0 0.0153205 0.0264611 0 0.0193161 0.029668 0 0.023191 0.0331193 0 0.0268792 0.0368724 0 0.0302692 0.0408338 0 0.0333676
3000 0.005 0 0 0.00987305 0 -0.000901353 0.0142542 0 -0.00323251 0.0179747 0 -0.00651725 0.0211421 0 -0.0103752 0.0241375 0 -0.0143795 0.0272596 0 -0.0183038 0.0305746 0 -0.0220349 0.0340528 0 -0.0256381 0.0376463 0 -0.0291494 0.0412901 0 -0.0325834
4000 0.005 0 0 0.00997017 0 -0.000546414 0.0147671 0 -0.00192891 0.0192472 0 -0.00413691 0.023201 0 -0.00717302 0.0264378 0 -0.0109699 0.0290259 0 -0.0152564 0.0312832 0 -0.0197246 0.0335748 0 -0.0241328 0.0361072 0 -0.0284082 0.0388773 0 -0.0325421
5000 0.005 0 0 0.00974532 0 0.00155564 0.0133039 0 0.0050998 0.0157457 0 0.00949101 0.0173763 0 0.014261 0.0183711 0 0.0191936 0.0188045 0 0.0241823 0.0187601 0 0.0291549 0.018403 0 0.0341654 0.0179139 0 0.0391149 0.0174017 0 0.044048
6000 0.005 0 0 0.00971232 0 0.00140111 0.0131422 0 0.00497795 0.0150189 0 0.00960608 0.0158169 0 0.0145428 0.0161147 0 0.0195306 0.0163295 0 0.0245235 0.0167058 0 0.0295227 0.0173724 0 0.034492 0.0183563 0 0.0394288 0.0195532 0 0.0442907
7000 0.005 0 0 0.00950755 0 -0.00207266 0.0116055 0 -0.00664581 0.0113233 0 -0.0116773 0.00948432 0 -0.0163847 0.00668312 0 -0.0206209 0.00328428 0 -0.0244157 -0.000480781 0 -0.0277913 -0.00443405 0 -0.030887 -0.00844051 0 -0.0338847 -0.0124485 0 -0.0368795
8000 0.005 0 0 0.00970592 0 -0.00172751 0.012853 0 -0.00564986 0.014363 0 -0.0104517 0.0144722 0 -0.0154962 0.0134077 0 -0.020451 0.0114328 0 -0.0251617 0.00884428 0 -0.0295425 0.00592143 0 -0.0337122 0.00290298 0 -0.0377912 -7.46208e-05 0 -0.0418431
9000 0.005 0 0 0.00993224 0 0.00129314 0.0142499 0 0.00401179 0.0181434 0 0.00729837 0.0217342 0 0.0108861 0.0250032 0 0.0147452 0.0277545 0 0.0189702 0.029675 0 0.0235954 0.0306296 0 0.0285258 0.0308494 0 0.0335493 0.0307346 0 0.0385393
9999 0.005 0 0 0.0098287 0 0.000738814 0.0137946 0 0.00357713 0.0156782 0 0.00808618 0.015262 0 0.0130222 0.0133376 0 0.0176143 0.0107405 0 0.0219 0.00793869 0 0.0260511 0.00514225 0 0.0302709 0.00240487 0 0.0345176 -0.000321515 0 0.0387266
0 0.005 0 0 0.01 0 0 0.015 0 0 0.02 0 0 0.025 0 0 0.03 0 0 0.035 0 0 0.04 0 0 0.045 0 0 0.05 0 0 0.055 0 0
1000 0.005 0 0 0.0101036 0 0.000556241 0.0150957 0 0.00176789 0.0199958 0 0.0032596 0.0248357 0 0.00496024 0.0296376 0 0.00673897 0.0344289 0 0.00851614 0.0392608 0 0.0101443 0.044164 0 0.0114723 0.0491087 0 0.0125336 0.0540464 0 0.0135372
2000 0.005 0 0 0.0100405 0 0.000500175 0.0149716 0 0.00169364 0.0198772 0 0.00297626 0.0248732 0 0.00367891 0.029884 0 0.00331839 0.034641 0 0.00173625 0.0389794 0 -0.00079217 0.043 0 -0.00379536 0.0468049 0 -0.00708311 0.0504657 0 -0.0105107
3000 0.005 0 0 0.00996502 0 0.000171831 0.0149348 0 0.000321891 0.01991 0 7.39318e-05 0.0248533 0 -0.000604197 0.0297178 0 -0.001769 0.0344793 0 -0.00335778 0.0391003 0 -0.00535642 0.0435684 0 -0.0076978 0.0478425 0 -0.0103742 0.0518922 0 -0.013361
4000 0.005 0 0 0.00986416 0 0.000513642 0.0144839 0 0.00211238 0.0185905 0 0.00479396 0.0219642 0 0.00836245 0.0244846 0 0.0126141 0.0260949 0 0.0172591 0.0268129 0 0.0221619 0.0268941 0 0.0271632 0.0267332 0 0.0321321 0.0265704 0 0.0370947
5000 0.005 0 0 0.0100081 0 0.000764119 0.0147805 0 0.00249468 0.0193534 0 0.00469494 0.0237273 0 0.00726913 0.0279071 0 0.0100736 0.0319621 0 0.0130686 0.0359621 0 0.0161507 0.0399812 0 0.0192036 0.0440667 0 0.0220779 0.0481903 0 0.0249011
6000 0.005 0 0 0.00997425 0 -0.000606849 0.0147195 0 -0.00222457 0.0191443 0 -0.00461018 0.0232167 0 -0.00753621 0.0268104 0 -0.0110147 0.0296529 0 -0.0150776 0.0315959 0 -0.0196439 0.0328065 0 -0.0244175 0.0335567 0 -0.0293468 0.034093 0 -0.0343613
7000 0.005 0 0 0.00986315 0 -0.00106986 0.0139542 0 -0.00394824 0.0170694 0 -0.00788049 0.0194032 0 -0.0123415 0.0211208 0 -0.0170737 0.0223644 0 -0.0219776 0.0233339 0 -0.026861 0.0241971 0 -0.0317595 0.0250228 0 -0.0366487 0.0258278 0 -0.0415609
8000 0.005 0 0 0.00991026 0 0.000574902 0.0146783 0 0.00194056 0.01937 0 0.00354374 0.0240368 0 0.005259 0.028681 0 0.00704012 0.0333771 0 0.00867268 0.0382274 0 0.00974303 0.0431922 0 0.0100079 0.0481679 0 0.00967654 0.0531391 0 0.00924602
9000 0.005 0 0 0.00976297 0 0.00142637 0.0131887 0 0.00507177 0.0148439 0 0.00980557 0.0149697 0 0.0148614 0.0140439 0 0.0197935 0.0125124 0 0.0245516 0.0107821 0 0.0291688 0.00918403 0 0.0338407 0.00782948 0 0.0386138 0.00661407 0 0.0433906
9999 0.005 0 0 0.0100387 0 -1.56457e-05 0.0150733 0 0.00014747 0.0200772 0 0.000638683 0.0249713 0 0.00179046 0.0296656 0 0.00363058 0.0341855 0 0.00582775 0.0386152 0 0.00816637 0.0430004 0 0.010571 0.0473367 0 0.0130515 0.0516079 0 0.0156496
0 0.005 0 0 0.01 0 0 0.015 0 0 0.02 0 0 0.025 0 0 0.03 0 0 0.035 0 0 0.04 0 0 0.045 0 0 0.05 0 0 0.055 0 0
1000 0.005 0 0 0.0100069 0 -0.000454489 0.0148956 0 -0.00166732 0.0196169 0 -0.00341086 0.0241393 0 -0.00556582 0.0284523 0 -0.00813024 0.0326135 0 -0.010933 0.0366424 0 -0.0139301 0.0404355 0 -0.0172437 0.0439451 0 -0.0208323 0.0472941 0 -0.0245441
2000 0.005 0 0 0.00981439 0 -0.00141813 0.0136806 0 -0.00465326 0.0166155 0 -0.00873641 0.0188417 0 -0.0132799 0.0206097 0 -0.0180505 0.0220778 0 -0.0228649 0.0232201 0 -0.0277428 0.0240021 0 -0.0326484 0.0244844 0 -0.0375968 0.0247926 0 -0.0425429
3000 0.005 0 0 0.0100373 0 -4.6061e-05 0.0150742 0 -0.000197556 0.0201036 0 -0.000548141 0.025087 0 -0.00132251 0.0299735 0 -0.00258876 0.0347164 0 -0.00428966 0.039232 0 -0.00648242 0.0434342 0 -0.00920799 0.0472355 0 -0.0124687 0.0507042 0 -0.0160848
4000 0.005 0 0 0.00979739 0 0.00124514 0.0136032 0 0.00445457 0.0160572 0 0.00877749 0.0171716 0 0.0136864 0.0172137 0 0.0186617 0.0166551 0 0.0236016 0.0159348 0 0.0284623 0.0153006 0 0.0334092 0.0148097 0 0.0383288 0.0144012 0 0.0432786
5000 0.005 0 0 0.00986763 0 0.00115774 0.0139945 0 0.00404623 0.0173495 0 0.007845 0.0202129 0 0.0120376 0.0227949 0 0.0163986 0.025193 0 0.0208867 0.0275623 0 0.0253408 0.0300501 0 0.0297717 0.0327 0 0.0340728 0.0354413 0 0.0382938
6000 0.005 0 0 0.00991023 0 -0.000385256 0.0146411 0 -0.00172043 0.0190341 0 -0.00392192 0.0232921 0 -0.00637787 0.0277679 0 -0.00840825 0.0325226 0 -0.00971438 0.0374288 0 -0.0102752 0.0423833 0 -0.0103187 0.0473467 0 -0.010117 0.0523244 0 -0.00995658
7000 0.005 0 0 0.00990425 0 -0.00084778 0.0143387 0 -0.00311929 0.0180401 0 -0.0064828 0.0208841 0 -0.0105914 0.0228833 0 -0.0151391 0.0241225 0 -0.0200087 0.0247383 0 -0.0250462 0.0248449 0 -0.0300822 0.0245176 0 -0.0350824 0.0239124 0 -0.0400462
8000 0.005 0 0 0.00995495 0 0.000137027 0.0148877 0 0.000637423 0.0197203 0 0.00170508 0.0243539 0 0.00343063 0.0287335 0 0.00573212 0.0329149 0 0.00840991 0.0370088 0 0.0112148 0.0410681 0 0.0140856 0.0451408 0 0.0169717 0.0492332 0 0.0198557
9000 0.005 0 0 0.00983953 0 0.000773756 0.013893 0 0.00346119 0.0160481 0 0.00782621 0.0159522 0 0.0127346 0.0142404 0 0.0173596 0.0117979 0 0.0217248 0.00929228 0 0.0260794 0.00706149 0 0.0305893 0.00518129 0 0.03526 0.00353607 0 0.0400117
9999 0.005 0 0 0.00998706 0 -0.000455129 0.0148506 0 -0.00166474 0.0195858 0 -0.00333804 0.0243121 0 -0.00505669 0.0291965 0 -0.00616817 0.034188 0 -0.00614629 0.039114 0 -0.00529777 0.0439918 0 -0.00419996 0.0488489 0 -0.00298969 0.0536807 0 -0.00164445
0 0.005 0 0 0.01 0 0 0.015 0 0 0.02 0 0 0.025 0 0 0.03 0 0 0.035 0 0 0.04 0 0 0.045 0 0 0.05 0 0 0.055 0 0
1000 0.005 0 0 0.0100044 0 -0.000701989 0.0147287 0 -0.00250495 0.0190864 0 -0.00509201 0.02304 0 -0.00824519 0.0266358 0 -0.0118051 0.0300589 0 -0.0155072 0.03345 0 -0.0192223 0.0368563 0 -0.0229445 0.0402186 0 -0.0267056 0.0434689 0 -0.0305406
2000 0.005 0 0 0.00998608 0 0.000575536 0.0148603 0 0.00177541 0.0196931 0 0.00314932 0.0245636 0 0.00439452 0.0294919 0 0.00546486 0.034494 0 0.00621698 0.0395456 0 0.00634731 0.0445533 0 0.00578847 0.04943 0 0.0045596 0.0541508 0 0.00284334
3000 0.005 0 0 0.00993064 0 0.00105474 0.0140865 0 0.00390649 0.0169954 0 0.00799784 0.0183658 0 0.012764 0.0179143 0 0.0177179 0.0156335 0 0.0221093 0.01201 0 0.025494 0.00764805 0 0.0278548 0.00295045 0 0.0294431 -0.00187754 0 0.0306732
4000 0.005 0 0 0.00995961 0 -8.09493e-05 0.0149255 0 -0.000354101 0.0199101 0 -0.000625601 0.0249311 0 -0.000695224 0.0299772 0 -0.000488763 0.0350222 0 4.26677e-05 0.0400313 0 0.000912309 0.0449866 0 0.00196058 0.0498779 0 0.00318054 0.0547044 0 0.00459422
5000 0.005 0 0 0.00971445 0 -0.00163359 0.0125619 0 -0.00572008 0.0125573 0 -0.0106697 0.00982693 0 -0.0148154 0.00538786 0 -0.0170789 0.000383936 0 -0.0173653 -0.00453635 0 -0.0163603 -0.00933461 0 -0.0148893 -0.0141221 0 -0.0134048 -0.018952 0 -0.0120383
6000 0.005 0 0 0.00988672 0 -0.000778785 0.0142827 0 -0.00307452 0.0178852 0 -0.00646149 0.0207434 0 -0.0105213 0.0232587 0 -0.0147759 0.0259255 0 -0.0189346 0.0290349 0 -0.0228061 0.0326552 0 -0.0262648 0.0367088 0 -0.0291526 0.0410034 0 -0.0317063
7000 0.005 0 0 0.0096765 0 0.00178838 0.0126732 0 0.00583882 0.0139458 0 0.0107405 0.0139633 0 0.0158329 0.013079 0 0.020901 0.0112651 0 0.0256847 0.00837735 0 0.0298556 0.00457104 0 0.0331921 0.000182081 0 0.035672 -0.00446854 0 0.0375405
8000 0.005 0 0 0.00997756 0 0.000934623 0.0145407 0 0.00313343 0.0187406 0 0.00601053 0.0227834 0 0.00905769 0.0267811 0 0.0121183 0.0308392 0 0.0150732 0.035079 0 0.0177745 0.039478 0 0.0201734 0.0439258 0 0.022477 0.0483716 0 0.0247754
9000 0.005 0 0 0.00993408 0 -0.00130272 0.0140221 0 -0.00441942 0.0172958 0 -0.00835838 0.0200238 0 -0.0126613 0.022416 0 -0.017112 0.0246445 0 -0.0216199 0.0267889 0 -0.0261696 0.0289151 0 -0.0307504 0.0310911 0 -0.0353023 0.033306 0 -0.0398081
9999 0.005 0 0 0.0098898 0 -0.00117869 0.0140768 0 -0.00402267 0.0176647 0 -0.00764131 0.0210222 0 -0.0113949 0.0243645 0 -0.0151207 0.0277406 0 -0.0188531 0.0312317 0 -0.022484 0.0348761 0 -0.0259699 0.0386283 0 -0.0293478 0.0424591 0 -0.0326049
0 0.005 0 0 0.01 0 0 0.015 0 0 0.02 0 0 0.025 0 0 0.03 0 0 0.035 0 0 0.04 0 0 0.045 0 0 0.05 0 0 0.055 0 0
1000 0.005 0 0 0.0100756 0 0.000358097 0.0151188 0 0.000936561 0.0201556 0 0.00150171 0.0251982 0 0.00195257 0.0302549 0 0.00210165 0.0352972 0 0.00182219 0.0403101 0 0.00132025 0.0453143 0 0.000822016 0.0503214 0 0.000477018 0.055327 0 0.000260892
2000 0.005 0 0 0.00999887 0 -0.000703694 0.0147094 0 -0.00250516 0.0190303 0 -0.00510672 0.022951 0 -0.00831409 0.0265446 0 -0.0118344 0.0299498 0 -0.015475 0.0333339 0 -0.0191444 0.0368077 0 -0.0227562 0.0403565 0 -0.0263188 0.04392 0 -0.0298781
3000 0.005 0 0 0.0100509 0 -0.000119695 0.0150918 0 -0.000404563 0.0201127 0 -0.000910274 0.0251198 0 -0.00149813 0.0301254 0 -0.00194954 0.0351057 0 -0.00262321 0.0399829 0 -0.00382523 0.0447177 0 -0.00546998 0.0493465 0 -0.00736602 0.0539528 0 -0.00931666
4000 0.005 0 0 0.00999777 0 0.00119022 0.0143422 0 0.00395453 0.0180905 0 0.00744102 0.0214998 0 0.0112426 0.0247108 0 0.0152062 0.0277604 0 0.0192544 0.0306828 0 0.0234478 0.0335618 0 0.0276861 0.0364723 0 0.0318024 0.039414 0 0.0358948
5000 0.005 0 0 0.00997267 0 0.00048963 0.0148125 0 0.00174974 0.0195413 0 0.00337818 0.0243011 0 0.00488428 0.0291779 0 0.00602002 0.0341396 0 0.00666128 0.0391312 0 0.00692256 0.044131 0 0.00705854 0.0491324 0 0.0069183 0.054125 0 0.00663388
6000 0.005 0 0 0.00977942 0 -6.44888e-05 0.0145716 0 6.68428e-05 0.019325 0 0.00077613 0.0238665 0 0.00241557 0.0278878 0 0.00512135 0.0311904 0 0.00873968 0.0338483 0 0.0128654 0.0360449 0 0.0172712 0.0379757 0 0.0218143 0.0398205 0 0.0264522
7000 0.005 0 0 0.0100901 0 0.000183127 0.015151 0 0.00077235 0.0201824 0 0.00150042 0.02523 0 0.00210743 0.0303039 0 0.00236789 0.0353778 0 0.00216166 0.0403876 0 0.00137829 0.0452775 0 7.12765e-05 0.0500332 0 -0.00161778 0.0546633 0 -0.00361666
8000 0.005 0 0 0.00994997 0 -0.000225451 0.0147525 0 -0.00138853 0.0190165 0 -0.00390601 0.0222946 0 -0.00761642 0.024373 0 -0.0120851 0.0252874 0 -0.0169867 0.0252156 0 -0.0219741 0.0243944 0 -0.0268623 0.0231171 0 -0.031646 0.0216598 0 -0.0364215
9000 0.005 0 0 0.0099876 0 -0.000626557 0.0148191 0 -0.00204835 0.0195643 0 -0.00375052 0.0242877 0 -0.00551733 0.0289783 0 -0.00734137 0.0336236 0 -0.00929095 0.0381845 0 -0.0114264 0.0426281 0 -0.0137958 0.0469058 0 -0.0164937 0.0509816 0 -0.0194777
9999 0.005 0 0 0.0100036 0 0.00110688 0.0144187 0 0.00375128 0.0181612 0 0.0072965 0.0212629 0 0.0114045 0.0238536 0 0.0158969 0.0260645 0 0.0205632 0.0280129 0 0.0253311 0.0298448 0 0.030053 0.0316446 0 0.0347763 0.0334398 0 0.0394737
0 0.005 0 0 0.01 0 0 0.015 0 0 0.02 0 0 0.025 0 0 0.03 0 0 0.035 0 0 0.04 0 0 0.045 0 0 0.05 0 0 0.055 0 0
1000 0.005 0 0 0.00980553 0 -0.000462659 0.0145019 0 -0.00158164 0.0191045 0 -0.00307708 0.0236634 0 -0.00469603 0.028287 0 -0.0061568 0.0330654 0 -0.00705614 0.0379484 0 -0.00714898 0.0428315 0 -0.00659514 0.0477024 0 -0.00572519 0.0525966 0 -0.00483356
2000 0.005 0 0 0.01011 0 -4.54793e-05 0.0152048 0 0.000281028 0.0202309 0 0.00112581 0.0252221 0 0.00205592 0.0302108 0 0.00298329 0.0352045 0 0.00383221 0.0402278 0 0.00443387 0.0452646 0 0.00466898 0.0502932 0 0.00481024 0.0553086 0 0.00494174
3000 0.005 0 0 0.00997886 0 0.000521433 0.014687 0 0.00219039 0.0187718 0 0.00502681 0.0220158 0 0.00878537 0.0244223 0 0.0130883 0.0260343 0 0.0177514 0.0270505 0 0.0226327 0.0278148 0 0.0275458 0.0285939 0 0.0324756 0.0294632 0 0.0373949
4000 0.005 0 0 0.00989689 0 0.000762594 0.0145508 0 0.00252037 0.019102 0 0.00453004 0.0236997 0 0.00649044 0.0283958 0 0.0082022 0.0332402 0 0.0093734 0.0382067 0 0.00981131 0.0432011 0 0.00961791 0.0481823 0 0.00918587 0.0531719 0 0.00883822
5000 0.005 0 0 0.00954394 0 -0.00203692 0.0118194 0 -0.0065227 0.0117673 0 -0.0115507 0.010124 0 -0.0163157 0.00764304 0 -0.0207348 0.00494426 0 -0.0249947 0.00249705 0 -0.0293955 0.000504884 0 -0.0340584 -0.00110823 0 -0.038837 -0.00252298 0 -0.0436742
6000 0.005 0 0 0.00982632 0 -0.000139309 0.0144913 0 -0.00128795 0.0185319 0 -0.00385124 0.0217639 0 -0.00742029 0.0248461 0 -0.0111809 0.0287247 0 -0.0140627 0.0334208 0 -0.0152773 0.0383212 0 -0.0150427 0.043178 0 -0.0141028 0.0480047 0 -0.0128971
7000 0.005 0 0 0.00994656 0 0.000638072 0.0146328 0 0.00240605 0.0189977 0 0.00491796 0.0230256 0 0.00793554 0.0264708 0 0.0116178 0.0289284 0 0.0159856 0.0301862 0 0.0207963 0.0304465 0 0.0257351 0.0302191 0 0.0306793 0.0299152 0 0.0356706
8000 0.005 0 0 0.00982456 0 0.00113341 0.0139864 0 0.00386631 0.0175086 0 0.00740345 0.0207513 0 0.0112003 0.024119 0 0.0148654 0.0278687 0 0.0181687 0.032059 0 0.0208861 0.0365684 0 0.0230324 0.0412425 0 0.0247885 0.0459707 0 0.0264224
9000 0.005 0 0 0.00986553 0 -0.00118421 0.0138992 0 -0.00419431 0.0169471 0 -0.00823479 0.0191969 0 -0.0128246 0.0209189 0 -0.0176053 0.0223347 0 -0.0224335 0.0236377 0 -0.0273374 0.0250392 0 -0.0322147 0.0266135 0 -0.0370265 0.0282823 0 -0.0417488
9999 0.005 0 0 0.00960626 0 -0.00192899 0.0123999 0 -0.00615293 0.0136417 0 -0.0111194 0.0140421 0 -0.0162525 0.0140818 0 -0.0213992 0.0140431 0 -0.0265281 0.0140606 0 -0.0316351 0.0141161 0 -0.0367282 0.0141568 0 -0.0417889 0.0141827 0 -0.0468701
0 0.005 0 0 0.01 0 0 0.015 0 0 0.02 0 0 0.025 0 0 0.03 0 0 0.035 0 0 0.04 0 0 0.045 0 0 0.05 0 0 0.055 0 0
1000 0.005 0 0 0.00999657 0 -0.00033528 0.0149323 0 -0.00114068 0.0197917 0 -0.00232733 0.0244668 0 -0.00410528 0.028693 0 -0.00681227 0.0322239 0 -0.0103722 0.0350497 0 -0.0145608 0.0373169 0 -0.0191053 0.0391986 0 -0.0237734 0.0408581 0 -0.0285058
2000 0.005 0 0 0.00989258 0 -0.00156358 0.0138874 0 -0.004852 0.0173474 0 -0.0086731 0.0206979 0 -0.0125518 0.0242051 0 -0.0162875 0.0280099 0 -0.0197006 0.0321665 0 -0.0226355 0.0367022 0 -0.0248638 0.0414971 0 -0.0264471 0.0463542 0 -0.0276755
3000 0.005 0 0 0.00967488 0 -1.2797e-05 0.0143588 0 6.23924e-05 0.0190551 0 0.00042123 0.0237362 0 0.00114066 0.0282855 0 0.00253548 0.0324043 0 0.00504239 0.0358563 0 0.00846473 0.0386875 0 0.0124901 0.0410956 0 0.016826 0.043337 0 0.0212623
4000 0.005 0 0 0.00993551 0 0.000453013 0.0146615 0 0.00195589 0.0189484 0 0.00445391 0.0226517 0 0.00775989 0.0257739 0 0.0116737 0.0284294 0 0.0159162 0.0307819 0 0.0203396 0.0330246 0 0.0248331 0.0352539 0 0.0293127 0.0374768 0 0.0337938
5000 0.005 0 0 0.0100657 0 -0.000511343 0.014974 0 -0.00186953 0.0196893 0 -0.00382325 0.0242267 0 -0.0061456 0.0286071 0 -0.00871598 0.0328054 0 -0.0115794 0.0367762 0 -0.0147059 0.0405536 0 -0.0180421 0.0442961 0 -0.0213916 0.0481206 0 -0.0246323
6000 0.005 0 0 0.00993263 0 -0.000904338 0.0142368 0 -0.00347869 0.0174105 0 -0.00732898 0.0191978 0 -0.0119504 0.0196313 0 -0.0168821 0.0189315 0 -0.0218323 0.0173625 0 -0.0265444 0.0151545 0 -0.0310636 0.0124646 0 -0.0352835 0.00949235 0 -0.0392689
7000 0.005 0 0 0.00991573 0 0.0012098 0.0141516 0 0.00405524 0.0179015 0 0.0074977 0.0216039 0 0.01094 0.0254718 0 0.0141421 0.029541 0 0.0170822 0.0337533 0 0.0197995 0.0379481 0 0.0225017 0.0419529 0 0.0255189 0.0457547 0 0.0287879
8000 0.005 0 0 0.00987025 0 0.00119964 0.0138526 0 0.00425835 0.0166014 0 0.00848356 0.0182054 0 0.0133103 0.0189802 0 0.0183779 0.0191747 0 0.0234536 0.0189331 0 0.0285286 0.0184097 0 0.0335657 0.0177727 0 0.0385682 0.017132 0 0.0435216
9000 0.005 0 0 0.0099123 0 -0.000967943 0.0142809 0 -0.00349748 0.0180266 0 -0.00687657 0.0212318 0 -0.0107689 0.0238945 0 -0.0150289 0.0260575 0 -0.0196221 0.0279708 0 -0.0242884 0.0299421 0 -0.02899 0.0320938 0 -0.0336149 0.0343628 0 -0.0381292
9999 0.005 0 0 0.00994386 0 -0.000372737 0.0145962 0 -0.00203394 0.01816 0 -0.00543635 0.0196777 0 -0.0101204 0.0190254 0 -0.0149896 0.0169231 0 -0.0195278 0.0140951 0 -0.0236766 0.011018 0 -0.0276521 0.00792351 0 -0.0316114 0.00484096 0 -0.0355421
0 0.005 0 0 0.01 0 0 0.015 0 0 0.02 0 0 0.025 0 0 0.03 0 0 0.035 0 0 0.04 0 0 0.045 0 0 0.05 0 0 0.055 0 0
1000 0.005 0 0 0.00997701 0 0.000397878 0.014812 0 0.00165196 0.0193554 0 0.00371517 0.0235244 0 0.00646384 0.0272809 0 0.00975657 0.0306234 0 0.0135153 0.0336231 0 0.017578 0.0364846 0 0.0217008 0.0393649 0 0.0257845 0.0422593 0 0.029862
2000 0.005 0 0 0.00997703 0 0.000585999 0.014675 0 0.00225386 0.0187388 0 0.00516103 0.0218634 0 0.00900417 0.0239528 0 0.0135224 0.0251 0 0.0183831 0.0255613 0 0.0233971 0.0256453 0 0.0283855 0.0256055 0 0.0333271 0.0255686 0 0.038335
3000 0.005 0 0 0.0100151 0 3.72439e-05 0.0150308 0 -0.000198923 0.0199668 0 -0.00112432 0.0247324 0 -0.00264561 0.029222 0 -0.00487519 0.0332957 0 -0.0077884 0.0369009 0 -0.0112747 0.0401693 0 -0.0151058 0.0433696 0 -0.0189576 0.0466558 0 -0.0227045
4000 0.005 0 0 0.0100077 0 -7.41185e-05 0.0149769 0 -0.000621573 0.0198148 0 -0.00189434 0.0244947 0 -0.00369744 0.0290618 0 -0.00576627 0.0335179 0 -0.00806319 0.0377866 0 -0.0106582 0.0418161 0 -0.0135979 0.0456137 0 -0.0168686 0.0492631 0 -0.0203068
5000 0.005 0 0 0.00998534 0 0.000387162 0.0148783 0 0.00141506 0.0196042 0 0.00305906 0.02412 0 0.00523182 0.028482 0 0.00762383 0.0326589 0 0.010374 0.0365709 0 0.0134806 0.0402837 0 0.0167801 0.0440002 0 0.0200843 0.0478184 0 0.0232543
6000 0.005 0 0 0.0100132 0 -0.00114386 0.0144329 0 -0.00381892 0.0183887 0 -0.0071898 0.0222931 0 -0.0105997 0.0263965 0 -0.0137146 0.0307288 0 -0.0164712 0.0352293 0 -0.0189414 0.039804 0 -0.0211851 0.0443619 0 -0.023396 0.0488393 0 -0.0256939
7000 0.005 0 0 0.00980583 0 -0.00123724 0.0136192 0 -0.0044766 0.0161205 0 -0.00879875 0.0173963 0 -0.013656 0.01759 0 -0.0187306 0.016789 0 -0.0237033 0.0150101 0 -0.0284232 0.0123288 0 -0.0326674 0.00900543 0 -0.0364561 0.00538273 0 -0.0399386
8000 0.005 0 0 0.0100391 0 0.000771697 0.0147981 0 0.00257403 0.0191744 0 0.0051703 0.0231374 0 0.00840419 0.0268723 0 0.0118537 0.0306476 0 0.0152939 0.0346268 0 0.0184991 0.0388807 0 0.0213077 0.0433482 0 0.0237072 0.0478833 0 0.0259177
9000 0.005 0 0 0.00986677 0 0.00102959 0.0137959 0 0.00405693 0.0159842 0 0.00852873 0.0162506 0 0.0135012 0.0149909 0 0.018326 0.0127388 0 0.0228044 0.00991211 0 0.0269035 0.00674122 0 0.0307621 0.00338085 0 0.0344503 -2.28249e-05 0 0.0381386
9999 0.005 0 0 0.00969813 0 -0.00181843 0.0129413 0 -0.00573455 0.0150396 0 -0.0103998 0.0165068 0 -0.0152844 0.0176101 0 -0.0202222 0.018459 0 -0.0252089 0.0190939 0 -0.0302123 0.0195493 0 -0.0352232 0.019898 0 -0.040209 0.0202189 0 -0.0451759
